Compiling vpi/force_real.c...
Making force_wire_real.vpi from  force_real.o...
peek    : 0.000000
display : 0.000000
force   : 3.000000
peek    : 3.000000
display : 3.000000
release : 0.000000
display : 0.000000
force   : 3.000000
peek    : 3.000000
display : 3.000000
poke    : 1.000000
peek    : 3.000000
display : 3.000000
release : 1.000000
display : 1.000000
poke    : 2.000000
peek    : 2.000000
display : 2.000000
