Implicit real: -1.00000
Implicit integer:          -1
Unsigned: 255
Signed:          -1
Real: -1.00000
Real time: -1.00000
Integer:          -1
Time: 18446744073709551615
