tp = 10.000000, tp2 = 10.000000
tp == 10, (expected)
tp =          1 in top
tp = 10.000000, tp2 = 10.000000
