val = 1.000000
val = 2.000000
val1 = 1.100000
val2 = 1.200000
val1 = 2.100000
val2 = 2.200000
val1 = 2.100000
val2 = 2.200000
val1 = 3.100000
val2 = 3.200000
